-0.2403,-0.69333,1.0383,-0.054957,-1.2831,-0.58943,-0.94668,-0.15707,-1.7083,0.99993,-0.7249,0.55898,1.0027,-0.63294,2.861,-0.80952,-1.5458
-2.3152,-2.978,-0.46013,2.8926,-0.76976,-0.73315,1.4321,-1.7253,-0.10979,1.7442,-1.2357,-0.29718,0.37311,-0.047735,0.26894,0.21894,0.23246
0.18499,1.1103,-0.98208,0.47931,-1.3314,-0.41835,0.21594,-0.81979,0.71236,-0.77145,-0.30589,1.6657,-0.68878,0.31732,-1.1462,1.443,-1.0322
-0.31749,-0.02138,0.27823,1.8135,-1.1347,0.37283,-1.1965,-1.7025,0.28081,-0.35629,0.72325,0.67586,0.15731,0.12168,0.53349,-1.1057,0.2938
-1.2162,-1.4251,1.102,-0.65262,1.3347,0.015651,0.11164,0.32496,0.29306,0.45011,-0.044031,-0.87539,-0.058322,0.090531,1.9129,-0.049642,2.2494
0.28896,-0.87318,-0.87692,0.78592,-1.7694,0.44226,0.53483,-0.88832,0.33618,-1.2787,-0.45369,0.42707,-0.29332,0.48623,-0.6313,-1.6658,-0.8901
-0.073902,-0.83549,-1.3596,-0.366,1.1603,0.85339,0.59591,1.6432,-0.79182,1.2905,-0.86354,0.041511,-1.1913,-1.0409,-0.67719,0.78535,0.75218
-1.1644,0.60437,-1.0374,-0.17158,-1.803,-0.2224,0.59789,0.068229,-1.0176,-0.56588,-1.0309,-0.2707,0.70574,-0.52264,-1.188,-0.63865,-2.022
0.33902,-0.80761,-0.081671,-1.043,-0.056258,-0.33,0.046736,0.905,0.15896,0.56625,-0.2761,1.4717,0.023321,0.53529,-0.52891,0.53622,-0.1912
-1.2205,-0.095691,-0.29493,-0.17315,0.88429,-0.77599,1.3369,0.39665,0.531,-0.09901,-2.2733,1.2606,-2.2564,0.23702,-0.37583,-2.2863,1.3524
-0.50256,-0.39079,-0.14014,0.68033,-0.55435,0.0057513,-1.0774,-1.3321,-0.45771,-0.67642,-0.15609,0.079597,0.23404,0.033443,1.0329,0.64187,0.039253
-1.3473,1.0217,0.4884,0.29382,-0.0018882,1.8781,-1.6834,-0.94467,-0.56937,-1.8071,-0.79898,0.044177,-0.36831,-0.9959,0.32928,-0.040703,0.638
1.1174,-1.2796,0.56782,0.57008,-0.1855,-1.4786,0.57173,-0.5718,-0.13798,0.51921,-1.6123,-0.27091,-0.28859,-0.86475,-0.032083,2.0003,-0.37076
-0.2184,0.88591,0.85557,0.47676,-0.69772,-0.65026,-0.53112,-0.87859,-0.82182,-0.81338,-0.83278,-1.2035,-0.76372,-0.34949,-0.44869,-0.62843,0.90714
-2.1203,-0.52124,-0.92617,-0.93504,-0.079554,1.1224,0.51144,-0.076988,0.31094,-1.44,2.0957,-0.28974,1.8198,1.1451,0.18898,-0.5294,0.14191
-0.062218,-1.0382,-1.3547,0.76728,-1.2714,0.79589,-0.7719,1.2283,-1.0492,-0.10311,-0.93884,-0.87589,-0.67086,1.0196,-0.029505,-0.22118,1.2875
-0.2425,0.67163,0.24585,0.56948,-0.24082,0.3155,0.37238,-1.4981,0.39164,0.28003,0.97522,-0.93881,1.0844,0.039643,-0.57245,0.82255,0.38512
0.96995,-0.67504,1.2373,0.6029,1.5303,-0.22638,0.16905,1.4265,0.92028,-0.37244,0.73904,-0.06181,0.40861,0.33618,-1.2103,0.2222,-2.1346
-1.7313,-1.2822,0.44071,-0.044177,1.1088,1.5401,-1.7773,0.7907,-1.7864,-0.066488,-0.50535,1.4659,-0.32271,0.98881,0.65675,-2.4209,-0.29249
-0.86295,-1.8211,-0.79489,0.23354,1.6567,0.1052,-0.14458,0.53052,-0.73881,1.0387,-0.63653,-0.032899,-0.5819,-0.17993,-0.68426,1.1828,-0.88431
-1.5903,0.96255,-1.6085,0.24224,-1.465,0.34523,-1.4873,0.62755,0.20162,-0.90945,0.5316,-0.63198,-1.1249,-0.0068346,1.1647,-0.9563,2.3322
-1.9772,-0.036983,0.96008,-0.82193,-0.11326,0.41809,-0.92317,1.7298,2.4449,-0.3966,1.8677,-0.63296,0.43378,-0.74229,-0.02831,0.24866,-0.17816
-0.42618,0.10256,1.0223,-0.37618,-1.0092,0.60363,0.18111,-1.1855,0.97583,0.68349,2.2608,1.0075,0.68595,-0.2925,-0.004157,-1.1429,-0.45932
-1.3812,1.0275,0.36221,-0.79711,-0.33088,-1.5199,-0.49839,-0.2795,-0.85732,1.761,-0.80409,0.14447,-0.9671,-0.50346,0.054856,1.7736,-0.90284
1.9521,0.082088,0.23756,-0.31928,0.54443,0.061621,0.63823,0.419,0.31704,0.19293,-0.47593,0.56019,-0.37604,-0.38893,0.80951,-2.8319,1.6409
-0.28971,0.28488,1.372,0.21991,1.5265,-0.60199,-0.3209,-0.8464,0.17492,-0.0054487,0.73174,1.2029,0.23184,0.50481,-0.85388,-0.86613,-1.3671
0.39501,-0.99082,1.5128,0.10937,-0.4444,0.73733,-0.38343,-0.066938,0.864,-1.3185,0.43085,0.56422,1.4935,0.93359,1.4843,-0.36823,1.2742
0.7005,-0.89959,0.94665,0.053948,0.21121,0.79045,0.12799,-0.78288,0.41194,-0.32796,-1.1233,0.20812,-1.7338,1.1922,-0.96847,-1.2986,1.2381
-1.3476,0.86741,-1.6409,-0.55075,-1.0248,0.35631,-0.94689,-0.41045,1.148,-0.035965,1.3451,1.6134,0.072413,0.40172,0.55403,-0.14224,1.4099
0.17728,-0.10524,-0.99484,1.7904,-1.2634,-0.14652,1.2159,-1.2808,0.69514,-0.27056,-0.5992,0.39625,0.27479,-0.50286,-0.87837,-1.3593,-0.49976
0.13834,-0.080694,2.4786,-1.2624,0.77711,0.41121,1.0512,0.11176,-1.239,0.36614,-0.82096,-0.12529,-0.20529,0.032831,-1.2071,0.10247,-0.88064
0.82664,-1.4105,0.74287,-0.46253,-0.015866,2.0435,1.0606,-0.17405,0.12349,-1.8397,0.46206,0.92618,1.062,0.17741,0.70551,0.22908,-0.91932
